1 players/1.txt
1 1 1 0 0 0
53
3 0 1 0
3 0 1 0
3 0 1 0
3 0 1 0
2 0 0 17
2 0 0 17
2 0 0 17
2 0 0 17
2 0 0 17
2 0 0 17
2 0 0 17
2 0 0 17
2 0 0 17
2 0 0 17
2 0 0 17
2 0 0 17
2 0 0 17
2 0 0 17
2 0 0 17
2 0 0 17
2 0 0 17
2 0 0 17
2 0 0 17
2 0 0 17
2 0 0 17
2 0 0 17
2 0 0 17
2 0 0 17
2 0 0 17
2 0 0 17
2 0 0 17
2 0 0 17
2 0 0 17
2 0 0 17
2 0 0 17
2 0 0 17
2 0 0 17
2 0 0 17
2 0 0 17
2 0 0 17
2 0 0 17
2 0 0 17
2 0 0 17
2 0 0 17
2 0 0 17
2 0 0 17
2 0 0 17
2 0 0 17
2 0 0 17
2 0 0 17
2 0 0 17
2 0 0 17
2 0 0 17
